MAE: 0.46088418946643994
RMSE: 0.6454657205788938
R2: 0.682064146872901
